6 1 0.00001 -81 93 0.01 0.1 0.001
6 1 0.00001 -81 99 0.01 0.01 0.01
6 1 0.00001 -77 85 0.01 0.001 0.01
6 1 0.00001 -78 82 0.01 0.0001 0.01
6 1 0.00001 -74 100 0.01 0.001 0.01
6 1 0.00001 -90 92 0.01 0.1 0.01
6 1 0.00001 -92 81 0.01 0.001 0.001
6 1 0.00001 -82 90 0.01 0.1 0.01
6 1 0.00001 -85 86 0.01 0.01 0.001
6 1 0.00001 -81 72 0.01 0.01 0.01
6 1 0.00001 -96 73 0.01 0.0001 0.001
6 1 0.00001 -98 75 0.01 0.01 0.01
6 1 0.00001 -87 83 0.01 0.0001 0.001
6 1 0.00001 -76 72 0.01 0.0001 0.01
6 1 0.00001 -88 96 0.01 0.0001 0.001
6 1 0.00001 -90 75 0.01 0.0001 0.01
6 1 0.00001 -86 93 0.01 0.1 0.001
6 1 0.00001 -84 85 0.01 0.1 0.01
6 1 0.00001 -75 73 0.01 0.01 0.01
6 1 0.00001 -88 76 0.01 0.0001 0.001
6 1 0.00001 -73 77 0.01 0.01 0.001
6 1 0.00001 -97 96 0.01 0.0001 0.01
6 1 0.00001 -75 96 0.01 0.001 0.001
6 1 0.00001 -84 79 0.01 0.0001 0.001
6 1 0.00001 -84 94 0.01 0.001 0.001
6 1 0.00001 -99 82 0.01 0.1 0.01
6 1 0.00001 -86 80 0.01 0.001 0.001
6 1 0.00001 -91 97 0.01 0.1 0.01
6 1 0.00001 -86 84 0.01 0.0001 0.01
6 1 0.00001 -85 82 0.01 0.0001 0.001
6 1 0.00001 -87 92 0.01 0.001 0.001
6 1 0.00001 -87 91 0.01 0.0001 0.01
6 1 0.00001 -79 89 0.01 0.0001 0.001
6 1 0.00001 -92 97 0.01 0.0001 0.01
6 1 0.00001 -85 86 0.01 0.001 0.001
6 1 0.00001 -82 75 0.01 0.1 0.001
6 1 0.00001 -78 84 0.01 0.0001 0.01
6 1 0.00001 -82 97 0.01 0.0001 0.001
6 1 0.00001 -94 83 0.01 0.01 0.001
6 1 0.00001 -97 86 0.01 0.01 0.001
6 1 0.00001 -74 70 0.01 0.0001 0.001
6 1 0.00001 -73 96 0.01 0.001 0.01
6 1 0.00001 -89 87 0.01 0.0001 0.01
6 1 0.00001 -97 96 0.01 0.1 0.01
6 1 0.00001 -99 88 0.01 0.0001 0.01
6 1 0.00001 -74 80 0.01 0.0001 0.01
6 1 0.00001 -77 70 0.01 0.1 0.01
6 1 0.00001 -88 81 0.01 0.01 0.001
6 1 0.00001 -81 72 0.01 0.001 0.01
6 1 0.00001 -73 87 0.01 0.1 0.001
6 1 0.00001 -86 98 0.01 0.001 0.001
6 1 0.00001 -99 84 0.01 0.0001 0.01
6 1 0.00001 -76 98 0.01 0.1 0.01
6 1 0.00001 -98 94 0.01 0.01 0.01
6 1 0.00001 -75 88 0.01 0.01 0.01
6 1 0.00001 -79 83 0.01 0.0001 0.01
6 1 0.00001 -91 94 0.01 0.0001 0.01
6 1 0.00001 -98 100 0.01 0.0001 0.01
6 1 0.00001 -78 98 0.01 0.001 0.001
6 1 0.00001 -76 99 0.01 0.1 0.001
6 1 0.00001 -90 83 0.01 0.001 0.001
6 1 0.00001 -84 76 0.01 0.1 0.01
6 1 0.00001 -98 71 0.01 0.01 0.01
6 1 0.00001 -79 97 0.01 0.1 0.01
6 1 0.00001 -82 74 0.01 0.0001 0.001
6 1 0.00001 -98 92 0.01 0.0001 0.001
6 1 0.00001 -86 89 0.01 0.0001 0.01
6 1 0.00001 -95 96 0.01 0.0001 0.001
6 1 0.00001 -86 81 0.01 0.0001 0.001
6 1 0.00001 -94 77 0.01 0.1 0.01
6 1 0.00001 -85 98 0.01 0.01 0.001
6 1 0.00001 -89 76 0.01 0.001 0.001
6 1 0.00001 -79 90 0.01 0.1 0.001
6 1 0.00001 -70 98 0.01 0.01 0.001
6 1 0.00001 -76 86 0.01 0.1 0.001
6 1 0.00001 -100 92 0.01 0.01 0.01
6 1 0.00001 -87 75 0.01 0.1 0.01
6 1 0.00001 -81 70 0.01 0.0001 0.001
6 1 0.00001 -91 73 0.01 0.0001 0.01
6 1 0.00001 -87 78 0.01 0.0001 0.01
6 1 0.00001 -85 72 0.01 0.01 0.001
6 1 0.00001 -96 85 0.01 0.001 0.01
6 1 0.00001 -85 87 0.01 0.1 0.01
6 1 0.00001 -90 97 0.01 0.01 0.01
6 1 0.00001 -97 81 0.01 0.1 0.01
6 1 0.00001 -82 87 0.01 0.01 0.001
6 1 0.00001 -82 88 0.01 0.001 0.001
6 1 0.00001 -98 100 0.01 0.0001 0.01
6 1 0.00001 -79 89 0.01 0.001 0.001
6 1 0.00001 -85 84 0.01 0.01 0.01
6 1 0.00001 -93 76 0.01 0.0001 0.01
6 1 0.00001 -74 96 0.01 0.1 0.01
6 1 0.00001 -74 73 0.01 0.0001 0.001
6 1 0.00001 -82 99 0.01 0.0001 0.01
6 1 0.00001 -87 95 0.01 0.001 0.001
6 1 0.00001 -87 70 0.01 0.001 0.01
6 1 0.00001 -99 79 0.01 0.01 0.01
6 1 0.00001 -75 76 0.01 0.001 0.01
6 1 0.00001 -84 95 0.01 0.1 0.001
6 1 0.00001 -95 86 0.01 0.001 0.01
6 1 0.00001 -71 76 0.01 0.0001 0.001
6 1 0.00001 -75 90 0.01 0.1 0.001
6 1 0.00001 -71 77 0.01 0.0001 0.001
6 1 0.00001 -73 86 0.01 0.0001 0.001
6 1 0.00001 -81 74 0.01 0.1 0.01
6 1 0.00001 -71 93 0.01 0.001 0.01
6 1 0.00001 -75 72 0.01 0.01 0.01
6 1 0.00001 -91 93 0.01 0.0001 0.01
6 1 0.00001 -74 75 0.01 0.0001 0.001
6 1 0.00001 -83 79 0.01 0.001 0.001
6 1 0.00001 -95 71 0.01 0.001 0.01
6 1 0.00001 -78 83 0.01 0.0001 0.01
6 1 0.00001 -83 76 0.01 0.0001 0.001
6 1 0.00001 -80 73 0.01 0.1 0.001
6 1 0.00001 -93 95 0.01 0.01 0.01
6 1 0.00001 -100 75 0.01 0.0001 0.001
6 1 0.00001 -90 91 0.01 0.01 0.001
6 1 0.00001 -70 78 0.01 0.001 0.001
6 1 0.00001 -88 87 0.01 0.001 0.01
6 1 0.00001 -86 98 0.01 0.0001 0.001
6 1 0.00001 -90 74 0.01 0.01 0.01
6 1 0.00001 -98 70 0.01 0.1 0.01
6 1 0.00001 -73 96 0.01 0.001 0.001
6 1 0.00001 -77 71 0.01 0.01 0.001
6 1 0.00001 -95 92 0.01 0.0001 0.001
6 1 0.00001 -86 85 0.01 0.1 0.001
6 1 0.00001 -82 98 0.01 0.0001 0.001
6 1 0.00001 -91 100 0.01 0.1 0.001
6 1 0.00001 -79 87 0.01 0.001 0.01
6 1 0.00001 -70 75 0.01 0.0001 0.01
6 1 0.00001 -87 81 0.01 0.001 0.01
6 1 0.00001 -92 88 0.01 0.001 0.01
6 1 0.00001 -93 89 0.01 0.1 0.01
6 1 0.00001 -71 99 0.01 0.0001 0.01
6 1 0.00001 -94 74 0.01 0.001 0.001
6 1 0.00001 -80 72 0.01 0.0001 0.01
6 1 0.00001 -84 79 0.01 0.1 0.001
6 1 0.00001 -89 81 0.01 0.001 0.001
6 1 0.00001 -70 92 0.01 0.001 0.001
6 1 0.00001 -72 73 0.01 0.1 0.01
6 1 0.00001 -92 95 0.01 0.0001 0.001
6 1 0.00001 -79 76 0.01 0.001 0.01
6 1 0.00001 -81 98 0.01 0.1 0.01
6 1 0.00001 -74 80 0.01 0.001 0.001
6 1 0.00001 -78 86 0.01 0.001 0.01
6 1 0.00001 -70 80 0.01 0.01 0.01
6 1 0.00001 -80 76 0.01 0.1 0.01
6 1 0.00001 -70 93 0.01 0.1 0.001
6 1 0.00001 -72 82 0.01 0.001 0.01
6 1 0.00001 -84 77 0.01 0.001 0.01
6 1 0.00001 -98 83 0.01 0.1 0.01
6 1 0.00001 -97 72 0.01 0.1 0.01
6 1 0.00001 -75 83 0.01 0.001 0.01
6 1 0.00001 -100 80 0.01 0.001 0.01
6 1 0.00001 -72 79 0.01 0.1 0.01
6 1 0.00001 -94 70 0.01 0.0001 0.01
6 1 0.00001 -72 75 0.01 0.01 0.001
6 1 0.00001 -88 91 0.01 0.0001 0.001
6 1 0.00001 -76 71 0.01 0.001 0.01
6 1 0.00001 -71 92 0.01 0.001 0.01
6 1 0.00001 -88 70 0.01 0.0001 0.01
6 1 0.00001 -73 75 0.01 0.001 0.001
6 1 0.00001 -90 85 0.01 0.0001 0.001
6 1 0.00001 -97 80 0.01 0.001 0.01
6 1 0.00001 -100 91 0.01 0.1 0.01
6 1 0.00001 -82 98 0.01 0.0001 0.001
6 1 0.00001 -86 76 0.01 0.001 0.01
6 1 0.00001 -82 71 0.01 0.1 0.001
6 1 0.00001 -87 94 0.01 0.001 0.001
6 1 0.00001 -70 85 0.01 0.0001 0.001
6 1 0.00001 -84 86 0.01 0.001 0.01
6 1 0.00001 -82 81 0.01 0.01 0.01
6 1 0.00001 -89 93 0.01 0.01 0.001
6 1 0.00001 -95 97 0.01 0.1 0.01
6 1 0.00001 -70 78 0.01 0.0001 0.001
6 1 0.00001 -91 90 0.01 0.0001 0.001
6 1 0.00001 -78 99 0.01 0.1 0.01
6 1 0.00001 -80 80 0.01 0.0001 0.01
6 1 0.00001 -89 74 0.01 0.01 0.01
6 1 0.00001 -91 84 0.01 0.1 0.001
6 1 0.00001 -82 79 0.01 0.0001 0.001
6 1 0.00001 -74 98 0.01 0.001 0.01
6 1 0.00001 -73 79 0.01 0.0001 0.001
6 1 0.00001 -81 82 0.01 0.01 0.001
6 1 0.00001 -92 82 0.01 0.01 0.01
6 1 0.00001 -91 93 0.01 0.1 0.001
6 1 0.00001 -87 71 0.01 0.0001 0.001
6 1 0.00001 -99 78 0.01 0.0001 0.01
6 1 0.00001 -71 79 0.01 0.0001 0.01
6 1 0.00001 -97 87 0.01 0.0001 0.001
6 1 0.00001 -87 96 0.01 0.01 0.01
6 1 0.00001 -85 94 0.01 0.001 0.01
6 1 0.00001 -79 85 0.01 0.0001 0.01
6 1 0.00001 -88 76 0.01 0.0001 0.001
6 1 0.00001 -94 93 0.01 0.001 0.01
6 1 0.00001 -73 88 0.01 0.01 0.001
6 1 0.00001 -91 75 0.01 0.0001 0.01
6 1 0.00001 -88 100 0.01 0.0001 0.001
6 1 0.00001 -78 96 0.01 0.001 0.001
6 1 0.00001 -94 99 0.01 0.01 0.01
6 1 0.00001 -80 77 0.01 0.0001 0.001
6 1 0.00001 -76 91 0.01 0.0001 0.01
6 1 0.00001 -80 72 0.01 0.1 0.001
6 1 0.00001 -98 76 0.01 0.0001 0.01
6 1 0.00001 -95 73 0.01 0.001 0.001
6 1 0.00001 -95 96 0.01 0.01 0.01
6 1 0.00001 -96 82 0.01 0.0001 0.01
6 1 0.00001 -88 99 0.01 0.0001 0.001
6 1 0.00001 -71 87 0.01 0.1 0.01
6 1 0.00001 -95 71 0.01 0.001 0.001
6 1 0.00001 -91 75 0.01 0.001 0.01
6 1 0.00001 -72 74 0.01 0.1 0.01
6 1 0.00001 -74 94 0.01 0.0001 0.01
6 1 0.00001 -88 94 0.01 0.1 0.001
6 1 0.00001 -87 81 0.01 0.01 0.001
6 1 0.00001 -86 92 0.01 0.01 0.001
6 1 0.00001 -100 99 0.01 0.1 0.01
6 1 0.00001 -85 79 0.01 0.001 0.001
6 1 0.00001 -100 80 0.01 0.0001 0.01
6 1 0.00001 -75 86 0.01 0.01 0.001
6 1 0.00001 -84 75 0.01 0.0001 0.01
6 1 0.00001 -96 85 0.01 0.1 0.01
6 1 0.00001 -74 73 0.01 0.0001 0.01
6 1 0.00001 -74 85 0.01 0.001 0.001
6 1 0.00001 -89 76 0.01 0.0001 0.001
6 1 0.00001 -84 76 0.01 0.0001 0.001
6 1 0.00001 -98 91 0.01 0.1 0.01
6 1 0.00001 -74 74 0.01 0.0001 0.001
6 1 0.00001 -88 79 0.01 0.1 0.001
6 1 0.00001 -79 80 0.01 0.1 0.01
6 1 0.00001 -75 75 0.01 0.1 0.01
6 1 0.00001 -78 97 0.01 0.0001 0.001
6 1 0.00001 -99 90 0.01 0.1 0.01
6 1 0.00001 -96 72 0.01 0.001 0.001
6 1 0.00001 -86 93 0.01 0.001 0.001
6 1 0.00001 -93 75 0.01 0.1 0.001
6 1 0.00001 -89 94 0.01 0.0001 0.01
6 1 0.00001 -83 85 0.01 0.001 0.001
6 1 0.00001 -89 89 0.01 0.001 0.001
6 1 0.00001 -76 94 0.01 0.0001 0.001
6 1 0.00001 -73 83 0.01 0.01 0.001
6 1 0.00001 -90 83 0.01 0.001 0.01
6 1 0.00001 -73 77 0.01 0.1 0.001
6 1 0.00001 -82 89 0.01 0.01 0.001
6 1 0.00001 -95 80 0.01 0.01 0.001
6 1 0.00001 -94 74 0.01 0.0001 0.01
6 1 0.00001 -83 78 0.01 0.01 0.001
6 1 0.00001 -98 79 0.01 0.001 0.001
6 1 0.00001 -94 71 0.01 0.01 0.001
6 1 0.00001 -91 99 0.01 0.0001 0.001
6 1 0.00001 -87 93 0.01 0.1 0.01
6 1 0.00001 -99 86 0.01 0.0001 0.001
6 1 0.00001 -73 75 0.01 0.001 0.01
6 1 0.00001 -75 92 0.01 0.0001 0.001
6 1 0.00001 -73 83 0.01 0.1 0.01
6 1 0.00001 -83 95 0.01 0.1 0.001
6 1 0.00001 -72 79 0.01 0.001 0.001
6 1 0.00001 -82 78 0.01 0.1 0.01
6 1 0.00001 -88 89 0.01 0.0001 0.01
6 1 0.00001 -70 84 0.01 0.0001 0.001
6 1 0.00001 -87 85 0.01 0.01 0.01
6 1 0.00001 -79 98 0.01 0.0001 0.001
6 1 0.00001 -94 100 0.01 0.0001 0.01
6 1 0.00001 -80 83 0.01 0.01 0.01
6 1 0.00001 -74 87 0.01 0.01 0.01
6 1 0.00001 -88 82 0.01 0.01 0.01
6 1 0.00001 -89 77 0.01 0.1 0.01
6 1 0.00001 -70 93 0.01 0.0001 0.01
6 1 0.00001 -86 85 0.01 0.001 0.001
6 1 0.00001 -97 93 0.01 0.1 0.01
6 1 0.00001 -73 94 0.01 0.1 0.001
6 1 0.00001 -88 99 0.01 0.0001 0.001
6 1 0.00001 -92 78 0.01 0.01 0.01
6 1 0.00001 -98 100 0.01 0.01 0.001
6 1 0.00001 -87 97 0.01 0.1 0.01
6 1 0.00001 -78 82 0.01 0.1 0.001
6 1 0.00001 -84 83 0.01 0.001 0.01
6 1 0.00001 -80 75 0.01 0.0001 0.001
6 1 0.00001 -70 78 0.01 0.1 0.01
6 1 0.00001 -79 74 0.01 0.01 0.01
6 1 0.00001 -95 88 0.01 0.1 0.001
6 1 0.00001 -79 92 0.01 0.0001 0.01
6 1 0.00001 -86 82 0.01 0.0001 0.001
6 1 0.00001 -87 78 0.01 0.0001 0.01
6 1 0.00001 -89 82 0.01 0.01 0.01
6 1 0.00001 -76 85 0.01 0.1 0.001
6 1 0.00001 -85 99 0.01 0.001 0.01
6 1 0.00001 -73 91 0.01 0.1 0.01
6 1 0.00001 -93 76 0.01 0.1 0.01
6 1 0.00001 -92 74 0.01 0.001 0.001
6 1 0.00001 -94 94 0.01 0.001 0.001
6 1 0.00001 -92 79 0.01 0.1 0.01
6 1 0.00001 -71 72 0.01 0.1 0.001
6 1 0.00001 -90 86 0.01 0.001 0.001
6 1 0.00001 -81 97 0.01 0.001 0.01
6 1 0.00001 -86 96 0.01 0.001 0.001
6 1 0.00001 -94 88 0.01 0.01 0.01
6 1 0.00001 -81 72 0.01 0.1 0.001
6 1 0.00001 -84 79 0.01 0.001 0.01
6 1 0.00001 -88 90 0.01 0.01 0.01
6 1 0.00001 -80 82 0.01 0.1 0.001
6 1 0.00001 -72 87 0.01 0.001 0.001
6 1 0.00001 -87 87 0.01 0.001 0.01
6 1 0.00001 -86 78 0.01 0.001 0.001
6 1 0.00001 -85 91 0.01 0.001 0.001
6 1 0.00001 -88 77 0.01 0.001 0.001
6 1 0.00001 -95 75 0.01 0.1 0.01
6 1 0.00001 -90 99 0.01 0.001 0.001
6 1 0.00001 -77 95 0.01 0.1 0.001
6 1 0.00001 -96 79 0.01 0.1 0.001
6 1 0.00001 -98 90 0.01 0.1 0.001
6 1 0.00001 -75 96 0.01 0.001 0.01
6 1 0.00001 -91 76 0.01 0.01 0.01
6 1 0.00001 -80 74 0.01 0.001 0.01
6 1 0.00001 -100 77 0.01 0.001 0.001
6 1 0.00001 -82 94 0.01 0.001 0.01
6 1 0.00001 -83 93 0.01 0.1 0.01
6 1 0.00001 -97 88 0.01 0.0001 0.01
6 1 0.00001 -71 76 0.01 0.001 0.01
6 1 0.00001 -80 99 0.01 0.01 0.001
6 1 0.00001 -72 89 0.01 0.0001 0.01
6 1 0.00001 -93 98 0.01 0.1 0.01
6 1 0.00001 -96 99 0.01 0.01 0.01
6 1 0.00001 -70 96 0.01 0.1 0.01
6 1 0.00001 -80 74 0.01 0.01 0.001
6 1 0.00001 -100 100 0.01 0.0001 0.01
6 1 0.00001 -80 79 0.01 0.001 0.001
6 1 0.00001 -74 76 0.01 0.1 0.001
6 1 0.00001 -98 90 0.01 0.1 0.01
6 1 0.00001 -82 96 0.01 0.01 0.01
6 1 0.00001 -85 80 0.01 0.01 0.01
6 1 0.00001 -86 79 0.01 0.1 0.001
6 1 0.00001 -90 79 0.01 0.01 0.001
6 1 0.00001 -71 91 0.01 0.1 0.01
6 1 0.00001 -76 82 0.01 0.001 0.01
6 1 0.00001 -87 94 0.01 0.001 0.001
6 1 0.00001 -79 95 0.01 0.1 0.001
6 1 0.00001 -84 95 0.01 0.1 0.01
6 1 0.00001 -100 72 0.01 0.0001 0.001
6 1 0.00001 -79 88 0.01 0.001 0.001
6 1 0.00001 -91 78 0.01 0.001 0.01
6 1 0.00001 -87 89 0.01 0.001 0.001
6 1 0.00001 -90 83 0.01 0.001 0.01
6 1 0.00001 -96 77 0.01 0.1 0.001
6 1 0.00001 -94 82 0.01 0.1 0.01
6 1 0.00001 -79 86 0.01 0.001 0.01
6 1 0.00001 -73 71 0.01 0.1 0.01
6 1 0.00001 -90 85 0.01 0.001 0.001
6 1 0.00001 -93 72 0.01 0.0001 0.001
6 1 0.00001 -88 85 0.01 0.001 0.01
6 1 0.00001 -70 71 0.01 0.0001 0.001
6 1 0.00001 -85 82 0.01 0.0001 0.001
6 1 0.00001 -93 84 0.01 0.001 0.01
6 1 0.00001 -78 73 0.01 0.0001 0.001
6 1 0.00001 -94 74 0.01 0.01 0.01
6 1 0.00001 -81 90 0.01 0.001 0.001
6 1 0.00001 -77 83 0.01 0.001 0.01
6 1 0.00001 -81 89 0.01 0.001 0.001
6 1 0.00001 -88 77 0.01 0.01 0.001
6 1 0.00001 -80 74 0.01 0.0001 0.01
6 1 0.00001 -98 99 0.01 0.001 0.001
6 1 0.00001 -94 93 0.01 0.01 0.001
6 1 0.00001 -89 80 0.01 0.01 0.01
6 1 0.00001 -92 97 0.01 0.0001 0.01
6 1 0.00001 -79 74 0.01 0.001 0.001
6 1 0.00001 -70 78 0.01 0.1 0.001
6 1 0.00001 -91 76 0.01 0.1 0.001
6 1 0.00001 -79 79 0.01 0.1 0.01
6 1 0.00001 -75 97 0.01 0.0001 0.001
6 1 0.00001 -76 71 0.01 0.01 0.01
6 1 0.00001 -72 73 0.01 0.001 0.01
6 1 0.00001 -77 78 0.01 0.1 0.001
6 1 0.00001 -98 82 0.01 0.0001 0.001
6 1 0.00001 -92 89 0.01 0.01 0.001
6 1 0.00001 -81 95 0.01 0.01 0.001
6 1 0.00001 -76 89 0.01 0.001 0.01
6 1 0.00001 -99 86 0.01 0.01 0.001
6 1 0.00001 -91 70 0.01 0.01 0.01
6 1 0.00001 -71 95 0.01 0.0001 0.001
6 1 0.00001 -87 75 0.01 0.0001 0.01
6 1 0.00001 -94 94 0.01 0.0001 0.01
6 1 0.00001 -91 71 0.01 0.1 0.01
6 1 0.00001 -72 90 0.01 0.001 0.01
6 1 0.00001 -82 76 0.01 0.01 0.01
6 1 0.00001 -84 92 0.01 0.01 0.001
6 1 0.00001 -77 97 0.01 0.01 0.01
6 1 0.00001 -82 91 0.01 0.001 0.01
6 1 0.00001 -90 94 0.01 0.01 0.01
6 1 0.00001 -83 78 0.01 0.01 0.01
6 1 0.00001 -93 96 0.01 0.0001 0.01
6 1 0.00001 -89 99 0.01 0.0001 0.01
6 1 0.00001 -90 97 0.01 0.0001 0.001
6 1 0.00001 -76 84 0.01 0.1 0.01
6 1 0.00001 -78 84 0.01 0.0001 0.001
6 1 0.00001 -70 72 0.01 0.1 0.001
6 1 0.00001 -85 77 0.01 0.0001 0.01
6 1 0.00001 -95 75 0.01 0.0001 0.001
6 1 0.00001 -80 70 0.01 0.001 0.001
6 1 0.00001 -81 88 0.01 0.0001 0.01
6 1 0.00001 -95 76 0.01 0.0001 0.01
6 1 0.00001 -98 82 0.01 0.1 0.01
6 1 0.00001 -95 70 0.01 0.001 0.01
6 1 0.00001 -82 73 0.01 0.01 0.001
6 1 0.00001 -89 95 0.01 0.0001 0.01
6 1 0.00001 -80 96 0.01 0.01 0.01
6 1 0.00001 -76 81 0.01 0.001 0.001
6 1 0.00001 -85 80 0.01 0.1 0.001
6 1 0.00001 -81 93 0.01 0.01 0.01
6 1 0.00001 -70 77 0.01 0.1 0.001
6 1 0.00001 -92 96 0.01 0.1 0.001
6 1 0.00001 -84 76 0.01 0.01 0.01
6 1 0.00001 -73 80 0.01 0.01 0.001
6 1 0.00001 -96 95 0.01 0.1 0.001
6 1 0.00001 -70 93 0.01 0.1 0.001
6 1 0.00001 -79 84 0.01 0.1 0.001
6 1 0.00001 -83 81 0.01 0.0001 0.001
6 1 0.00001 -74 92 0.01 0.01 0.001
6 1 0.00001 -81 79 0.01 0.0001 0.001
6 1 0.00001 -92 92 0.01 0.1 0.01
6 1 0.00001 -96 78 0.01 0.001 0.01
6 1 0.00001 -73 73 0.01 0.001 0.001
6 1 0.00001 -77 91 0.01 0.001 0.001
6 1 0.00001 -75 86 0.01 0.1 0.001
6 1 0.00001 -89 70 0.01 0.0001 0.01
6 1 0.00001 -95 78 0.01 0.1 0.01
6 1 0.00001 -96 90 0.01 0.01 0.001
6 1 0.00001 -96 77 0.01 0.01 0.01
6 1 0.00001 -89 99 0.01 0.0001 0.001
6 1 0.00001 -97 100 0.01 0.1 0.001
6 1 0.00001 -79 91 0.01 0.001 0.01
6 1 0.00001 -76 100 0.01 0.1 0.001
6 1 0.00001 -82 73 0.01 0.1 0.01
6 1 0.00001 -91 98 0.01 0.01 0.01
6 1 0.00001 -78 94 0.01 0.01 0.01
6 1 0.00001 -97 72 0.01 0.001 0.001
6 1 0.00001 -70 72 0.01 0.0001 0.001
6 1 0.00001 -87 98 0.01 0.01 0.001
6 1 0.00001 -89 86 0.01 0.0001 0.01
6 1 0.00001 -79 73 0.01 0.1 0.01
6 1 0.00001 -79 70 0.01 0.01 0.01
6 1 0.00001 -73 74 0.01 0.001 0.01
6 1 0.00001 -99 94 0.01 0.0001 0.001
6 1 0.00001 -78 77 0.01 0.01 0.01
6 1 0.00001 -79 94 0.01 0.01 0.001
6 1 0.00001 -72 99 0.01 0.01 0.01
6 1 0.00001 -84 71 0.01 0.1 0.001
6 1 0.00001 -83 96 0.01 0.1 0.001
6 1 0.00001 -81 71 0.01 0.001 0.001
6 1 0.00001 -97 71 0.01 0.1 0.001
6 1 0.00001 -81 86 0.01 0.1 0.01
6 1 0.00001 -70 98 0.01 0.1 0.01
6 1 0.00001 -75 84 0.01 0.001 0.001
6 1 0.00001 -82 93 0.01 0.001 0.01
6 1 0.00001 -91 71 0.01 0.01 0.001
6 1 0.00001 -91 75 0.01 0.001 0.01
6 1 0.00001 -74 74 0.01 0.01 0.01
6 1 0.00001 -81 80 0.01 0.01 0.001
6 1 0.00001 -84 87 0.01 0.001 0.001
6 1 0.00001 -79 75 0.01 0.1 0.01
6 1 0.00001 -91 73 0.01 0.1 0.001
6 1 0.00001 -91 76 0.01 0.1 0.001
6 1 0.00001 -72 85 0.01 0.001 0.01
6 1 0.00001 -71 98 0.01 0.0001 0.001
6 1 0.00001 -94 76 0.01 0.1 0.001
6 1 0.00001 -86 70 0.01 0.01 0.001
6 1 0.00001 -93 95 0.01 0.0001 0.01
6 1 0.00001 -99 82 0.01 0.0001 0.001
6 1 0.00001 -86 72 0.01 0.0001 0.01
6 1 0.00001 -86 70 0.01 0.0001 0.01
6 1 0.00001 -89 77 0.01 0.0001 0.001
6 1 0.00001 -73 71 0.01 0.0001 0.01
6 1 0.00001 -95 80 0.01 0.01 0.01
6 1 0.00001 -98 76 0.01 0.001 0.01
6 1 0.00001 -70 77 0.01 0.0001 0.01
6 1 0.00001 -74 71 0.01 0.1 0.01
6 1 0.00001 -97 94 0.01 0.0001 0.001
6 1 0.00001 -94 74 0.01 0.001 0.001
6 1 0.00001 -72 72 0.01 0.01 0.001
6 1 0.00001 -86 98 0.01 0.01 0.001
6 1 0.00001 -95 82 0.01 0.0001 0.001
6 1 0.00001 -93 85 0.01 0.01 0.001
6 1 0.00001 -89 81 0.01 0.1 0.001
6 1 0.00001 -90 88 0.01 0.0001 0.001
6 1 0.00001 -82 70 0.01 0.01 0.01
6 1 0.00001 -70 70 0.01 0.1 0.001
6 1 0.00001 -81 93 0.01 0.01 0.001
6 1 0.00001 -71 71 0.01 0.1 0.001
6 1 0.00001 -86 94 0.01 0.01 0.01
6 1 0.00001 -88 82 0.01 0.01 0.001
6 1 0.00001 -79 95 0.01 0.1 0.01
6 1 0.00001 -93 96 0.01 0.001 0.001
6 1 0.00001 -88 86 0.01 0.0001 0.01
6 1 0.00001 -75 93 0.01 0.1 0.001
6 1 0.00001 -72 90 0.01 0.001 0.01
6 1 0.00001 -72 76 0.01 0.001 0.01
6 1 0.00001 -76 82 0.01 0.0001 0.001
6 1 0.00001 -74 84 0.01 0.1 0.001
6 1 0.00001 -87 76 0.01 0.01 0.01
6 1 0.00001 -79 73 0.01 0.001 0.01
6 1 0.00001 -79 82 0.01 0.1 0.01
6 1 0.00001 -70 89 0.01 0.1 0.01
6 1 0.00001 -98 77 0.01 0.1 0.001
6 1 0.00001 -98 85 0.01 0.001 0.001
6 1 0.00001 -76 76 0.01 0.1 0.01
6 1 0.00001 -86 80 0.01 0.01 0.01
6 1 0.00001 -71 92 0.01 0.0001 0.001
6 1 0.00001 -88 92 0.01 0.1 0.001
6 1 0.00001 -76 77 0.01 0.1 0.001
6 1 0.00001 -98 91 0.01 0.001 0.001
6 1 0.00001 -98 74 0.01 0.0001 0.001
6 1 0.00001 -78 75 0.01 0.1 0.001
6 1 0.00001 -79 70 0.01 0.001 0.01
6 1 0.00001 -80 87 0.01 0.1 0.01
6 1 0.00001 -73 83 0.01 0.001 0.01
6 1 0.00001 -80 98 0.01 0.01 0.01
6 1 0.00001 -75 82 0.01 0.001 0.001
6 1 0.00001 -96 76 0.01 0.001 0.001
6 1 0.00001 -97 94 0.01 0.01 0.01
6 1 0.00001 -74 77 0.01 0.0001 0.001
6 1 0.00001 -78 82 0.01 0.1 0.01
6 1 0.00001 -90 93 0.01 0.001 0.01
6 1 0.00001 -100 92 0.01 0.01 0.01
6 1 0.00001 -90 86 0.01 0.1 0.01
6 1 0.00001 -85 76 0.01 0.01 0.01
6 1 0.00001 -89 76 0.01 0.0001 0.01
6 1 0.00001 -89 94 0.01 0.0001 0.01
6 1 0.00001 -80 72 0.01 0.01 0.01
6 1 0.00001 -71 72 0.01 0.01 0.01
6 1 0.00001 -94 70 0.01 0.01 0.01
6 1 0.00001 -89 70 0.01 0.01 0.01
6 1 0.00001 -76 94 0.01 0.001 0.01
6 1 0.00001 -99 77 0.01 0.1 0.001
6 1 0.00001 -84 96 0.01 0.0001 0.01
6 1 0.00001 -74 73 0.01 0.1 0.01
6 1 0.00001 -77 77 0.01 0.1 0.01
6 1 0.00001 -99 99 0.01 0.01 0.01
6 1 0.00001 -84 80 0.01 0.01 0.001
6 1 0.00001 -84 91 0.01 0.001 0.01
6 1 0.00001 -77 70 0.01 0.01 0.01
6 1 0.00001 -72 88 0.01 0.1 0.01
6 1 0.00001 -70 88 0.01 0.1 0.01
6 1 0.00001 -81 100 0.01 0.001 0.01
6 1 0.00001 -96 79 0.01 0.1 0.01
6 1 0.00001 -78 88 0.01 0.001 0.001
6 1 0.00001 -98 74 0.01 0.001 0.01
6 1 0.00001 -82 97 0.01 0.1 0.01
6 1 0.00001 -82 70 0.01 0.1 0.001
6 1 0.00001 -89 74 0.01 0.1 0.01
6 1 0.00001 -73 99 0.01 0.01 0.01
6 1 0.00001 -78 95 0.01 0.0001 0.001
6 1 0.00001 -94 97 0.01 0.0001 0.001
6 1 0.00001 -87 71 0.01 0.001 0.01
6 1 0.00001 -70 73 0.01 0.1 0.01
6 1 0.00001 -82 78 0.01 0.001 0.001
6 1 0.00001 -71 83 0.01 0.1 0.01
6 1 0.00001 -99 93 0.01 0.01 0.01
6 1 0.00001 -95 100 0.01 0.1 0.001
6 1 0.00001 -76 93 0.01 0.0001 0.01
6 1 0.00001 -79 98 0.01 0.001 0.001
6 1 0.00001 -100 99 0.01 0.001 0.001
6 1 0.00001 -81 85 0.01 0.001 0.001
6 1 0.00001 -94 84 0.01 0.1 0.001
6 1 0.00001 -99 97 0.01 0.1 0.01
6 1 0.00001 -83 72 0.01 0.1 0.01
6 1 0.00001 -96 92 0.01 0.01 0.001
6 1 0.00001 -79 71 0.01 0.0001 0.01
6 1 0.00001 -79 94 0.01 0.0001 0.01
6 1 0.00001 -79 87 0.01 0.1 0.01
6 1 0.00001 -71 81 0.01 0.0001 0.01
6 1 0.00001 -99 87 0.01 0.001 0.001
6 1 0.00001 -82 81 0.01 0.1 0.001
6 1 0.00001 -82 97 0.01 0.0001 0.001
6 1 0.00001 -72 86 0.01 0.0001 0.001
6 1 0.00001 -73 83 0.01 0.1 0.01
6 1 0.00001 -79 77 0.01 0.0001 0.01
6 1 0.00001 -84 77 0.01 0.001 0.01
6 1 0.00001 -82 87 0.01 0.0001 0.01
6 1 0.00001 -87 80 0.01 0.1 0.01
6 1 0.00001 -94 77 0.01 0.01 0.001
6 1 0.00001 -80 87 0.01 0.0001 0.001
6 1 0.00001 -70 79 0.01 0.1 0.01
6 1 0.00001 -75 94 0.01 0.1 0.01
6 1 0.00001 -91 93 0.01 0.0001 0.001
6 1 0.00001 -91 92 0.01 0.001 0.001
6 1 0.00001 -71 86 0.01 0.01 0.01
6 1 0.00001 -71 81 0.01 0.001 0.01
6 1 0.00001 -92 78 0.01 0.0001 0.01
6 1 0.00001 -93 73 0.01 0.0001 0.01
6 1 0.00001 -89 72 0.01 0.0001 0.001
6 1 0.00001 -98 91 0.01 0.001 0.01
6 1 0.00001 -77 100 0.01 0.001 0.001
6 1 0.00001 -90 93 0.01 0.1 0.001
6 1 0.00001 -89 75 0.01 0.0001 0.001
6 1 0.00001 -77 90 0.01 0.1 0.001
6 1 0.00001 -73 78 0.01 0.001 0.01
6 1 0.00001 -76 81 0.01 0.001 0.01
6 1 0.00001 -92 82 0.01 0.1 0.01
6 1 0.00001 -90 86 0.01 0.0001 0.001
6 1 0.00001 -76 71 0.01 0.01 0.001
6 1 0.00001 -74 78 0.01 0.01 0.01
6 1 0.00001 -70 81 0.01 0.001 0.01
6 1 0.00001 -80 95 0.01 0.001 0.001
6 1 0.00001 -80 88 0.01 0.0001 0.01
6 1 0.00001 -70 72 0.01 0.1 0.01
6 1 0.00001 -99 82 0.01 0.01 0.001
6 1 0.00001 -92 85 0.01 0.001 0.01
6 1 0.00001 -98 96 0.01 0.001 0.01
6 1 0.00001 -70 92 0.01 0.001 0.001
6 1 0.00001 -94 84 0.01 0.01 0.001
6 1 0.00001 -88 88 0.01 0.001 0.01
6 1 0.00001 -98 73 0.01 0.1 0.001
6 1 0.00001 -74 91 0.01 0.0001 0.01
6 1 0.00001 -80 75 0.01 0.0001 0.001
6 1 0.00001 -82 76 0.01 0.01 0.001
6 1 0.00001 -97 98 0.01 0.001 0.01
6 1 0.00001 -97 99 0.01 0.0001 0.01
6 1 0.00001 -100 96 0.01 0.001 0.001
6 1 0.00001 -79 83 0.01 0.0001 0.001
6 1 0.00001 -92 75 0.01 0.1 0.001
6 1 0.00001 -91 96 0.01 0.0001 0.001
6 1 0.00001 -83 87 0.01 0.1 0.01
6 1 0.00001 -83 83 0.01 0.0001 0.001
6 1 0.00001 -86 83 0.01 0.0001 0.01
6 1 0.00001 -88 98 0.01 0.01 0.001
6 1 0.00001 -83 94 0.01 0.01 0.01
6 1 0.00001 -70 73 0.01 0.01 0.001
6 1 0.00001 -90 95 0.01 0.001 0.001
6 1 0.00001 -70 83 0.01 0.1 0.001
6 1 0.00001 -75 83 0.01 0.0001 0.01
6 1 0.00001 -81 99 0.01 0.01 0.001
6 1 0.00001 -91 88 0.01 0.001 0.01
6 1 0.00001 -95 85 0.01 0.0001 0.01
6 1 0.00001 -100 77 0.01 0.01 0.001
6 1 0.00001 -86 96 0.01 0.1 0.001
6 1 0.00001 -97 96 0.01 0.001 0.01
6 1 0.00001 -77 83 0.01 0.01 0.001
6 1 0.00001 -76 86 0.01 0.1 0.001
6 1 0.00001 -98 79 0.01 0.001 0.01
6 1 0.00001 -90 84 0.01 0.1 0.01
6 1 0.00001 -77 77 0.01 0.01 0.01
6 1 0.00001 -93 70 0.01 0.0001 0.01
6 1 0.00001 -70 76 0.01 0.0001 0.01
6 1 0.00001 -95 76 0.01 0.001 0.001
6 1 0.00001 -93 84 0.01 0.1 0.001
6 1 0.00001 -85 84 0.01 0.1 0.01
6 1 0.00001 -83 79 0.01 0.0001 0.001
6 1 0.00001 -80 98 0.01 0.001 0.01
6 1 0.00001 -100 76 0.01 0.01 0.01
6 1 0.00001 -87 96 0.01 0.1 0.01
6 1 0.00001 -92 91 0.01 0.1 0.01
6 1 0.00001 -87 86 0.01 0.0001 0.001
6 1 0.00001 -96 91 0.01 0.0001 0.001
6 1 0.00001 -88 82 0.01 0.001 0.01
6 1 0.00001 -96 71 0.01 0.0001 0.001
6 1 0.00001 -78 98 0.01 0.1 0.01
6 1 0.00001 -74 86 0.01 0.1 0.001
6 1 0.00001 -80 75 0.01 0.01 0.01
6 1 0.00001 -74 91 0.01 0.1 0.01
6 1 0.00001 -100 84 0.01 0.1 0.001
6 1 0.00001 -77 95 0.01 0.0001 0.01
6 1 0.00001 -77 82 0.01 0.01 0.01
6 1 0.00001 -85 74 0.01 0.0001 0.001
6 1 0.00001 -79 70 0.01 0.0001 0.01
6 1 0.00001 -94 79 0.01 0.01 0.001
6 1 0.00001 -91 88 0.01 0.001 0.01
6 1 0.00001 -79 73 0.01 0.1 0.01
6 1 0.00001 -84 98 0.01 0.01 0.001
6 1 0.00001 -77 90 0.01 0.0001 0.01
6 1 0.00001 -74 72 0.01 0.1 0.01
6 1 0.00001 -78 70 0.01 0.1 0.01
6 1 0.00001 -82 77 0.01 0.01 0.01
6 1 0.00001 -92 83 0.01 0.01 0.01
6 1 0.00001 -79 78 0.01 0.001 0.01
6 1 0.00001 -99 84 0.01 0.0001 0.001
6 1 0.00001 -96 81 0.01 0.0001 0.01
6 1 0.00001 -86 86 0.01 0.0001 0.001
6 1 0.00001 -83 98 0.01 0.001 0.001
6 1 0.00001 -82 77 0.01 0.1 0.001
6 1 0.00001 -76 81 0.01 0.1 0.01
6 1 0.00001 -100 100 0.01 0.1 0.01
6 1 0.00001 -86 98 0.01 0.1 0.01
6 1 0.00001 -71 86 0.01 0.1 0.01
6 1 0.00001 -76 89 0.01 0.001 0.001
6 1 0.00001 -90 93 0.01 0.1 0.001
6 1 0.00001 -89 82 0.01 0.0001 0.001
6 1 0.00001 -70 95 0.01 0.01 0.01
6 1 0.00001 -70 77 0.01 0.0001 0.01
6 1 0.00001 -72 97 0.01 0.001 0.01
6 1 0.00001 -93 95 0.01 0.01 0.01
6 1 0.00001 -95 93 0.01 0.1 0.001
6 1 0.00001 -100 100 0.01 0.001 0.001
6 1 0.00001 -84 92 0.01 0.1 0.001
6 1 0.00001 -88 89 0.01 0.001 0.01
6 1 0.00001 -81 92 0.01 0.1 0.01
6 1 0.00001 -83 86 0.01 0.0001 0.001
6 1 0.00001 -90 82 0.01 0.0001 0.01
6 1 0.00001 -70 78 0.01 0.001 0.001
6 1 0.00001 -88 74 0.01 0.0001 0.01
6 1 0.00001 -89 87 0.01 0.01 0.001
6 1 0.00001 -79 85 0.01 0.01 0.001
6 1 0.00001 -74 75 0.01 0.01 0.001
6 1 0.00001 -81 86 0.01 0.001 0.01
6 1 0.00001 -70 96 0.01 0.01 0.01
6 1 0.00001 -85 78 0.01 0.01 0.01
6 1 0.00001 -99 95 0.01 0.001 0.001
6 1 0.00001 -99 77 0.01 0.0001 0.01
6 1 0.00001 -77 76 0.01 0.001 0.01
6 1 0.00001 -70 95 0.01 0.0001 0.001
6 1 0.00001 -79 92 0.01 0.0001 0.001
6 1 0.00001 -71 91 0.01 0.001 0.001
6 1 0.00001 -98 96 0.01 0.1 0.001
6 1 0.00001 -72 72 0.01 0.001 0.001
6 1 0.00001 -78 98 0.01 0.001 0.001
6 1 0.00001 -83 79 0.01 0.1 0.01
6 1 0.00001 -96 71 0.01 0.1 0.001
6 1 0.00001 -78 81 0.01 0.01 0.001
6 1 0.00001 -84 87 0.01 0.001 0.01
6 1 0.00001 -80 89 0.01 0.001 0.01
6 1 0.00001 -81 74 0.01 0.1 0.001
6 1 0.00001 -71 97 0.01 0.01 0.001
6 1 0.00001 -89 76 0.01 0.01 0.01
6 1 0.00001 -82 88 0.01 0.001 0.001
6 1 0.00001 -84 85 0.01 0.1 0.01
6 1 0.00001 -76 94 0.01 0.001 0.01
6 1 0.00001 -78 78 0.01 0.1 0.001
6 1 0.00001 -94 97 0.01 0.001 0.001
6 1 0.00001 -90 87 0.01 0.0001 0.001
6 1 0.00001 -96 87 0.01 0.1 0.01
6 1 0.00001 -90 78 0.01 0.0001 0.01
6 1 0.00001 -94 88 0.01 0.0001 0.01
6 1 0.00001 -89 75 0.01 0.1 0.001
6 1 0.00001 -81 97 0.01 0.1 0.01
6 1 0.00001 -80 86 0.01 0.001 0.001
6 1 0.00001 -95 80 0.01 0.1 0.01
6 1 0.00001 -97 89 0.01 0.1 0.001
6 1 0.00001 -86 87 0.01 0.0001 0.01
6 1 0.00001 -82 71 0.01 0.001 0.01
6 1 0.00001 -88 100 0.01 0.001 0.001
6 1 0.00001 -79 80 0.01 0.1 0.001
6 1 0.00001 -79 78 0.01 0.01 0.001
6 1 0.00001 -71 99 0.01 0.1 0.01
6 1 0.00001 -93 98 0.01 0.01 0.001
6 1 0.00001 -99 92 0.01 0.001 0.001
6 1 0.00001 -86 90 0.01 0.001 0.01
6 1 0.00001 -72 92 0.01 0.1 0.001
6 1 0.00001 -94 73 0.01 0.1 0.001
6 1 0.00001 -94 74 0.01 0.1 0.01
6 1 0.00001 -97 94 0.01 0.1 0.001
6 1 0.00001 -91 70 0.01 0.1 0.01
6 1 0.00001 -71 92 0.01 0.0001 0.01
6 1 0.00001 -88 78 0.01 0.0001 0.001
6 1 0.00001 -93 74 0.01 0.1 0.001
6 1 0.00001 -75 100 0.01 0.0001 0.01
6 1 0.00001 -71 99 0.01 0.01 0.001
6 1 0.00001 -79 99 0.01 0.01 0.01
6 1 0.00001 -79 86 0.01 0.0001 0.001
6 1 0.00001 -88 90 0.01 0.0001 0.01
6 1 0.00001 -79 82 0.01 0.01 0.001
6 1 0.00001 -95 71 0.01 0.01 0.01
6 1 0.00001 -82 87 0.01 0.1 0.01
6 1 0.00001 -82 98 0.01 0.001 0.01
6 1 0.00001 -87 94 0.01 0.01 0.01
6 1 0.00001 -80 90 0.01 0.01 0.001
6 1 0.00001 -94 91 0.01 0.1 0.01
6 1 0.00001 -77 96 0.01 0.1 0.001
6 1 0.00001 -70 84 0.01 0.01 0.01
6 1 0.00001 -78 92 0.01 0.0001 0.01
6 1 0.00001 -89 94 0.01 0.1 0.001
6 1 0.00001 -72 81 0.01 0.1 0.01
6 1 0.00001 -77 96 0.01 0.0001 0.001
6 1 0.00001 -84 77 0.01 0.001 0.001
6 1 0.00001 -76 73 0.01 0.0001 0.01
6 1 0.00001 -96 94 0.01 0.001 0.01
6 1 0.00001 -92 88 0.01 0.1 0.001
6 1 0.00001 -80 94 0.01 0.1 0.01
6 1 0.00001 -91 96 0.01 0.0001 0.01
6 1 0.00001 -84 75 0.01 0.001 0.01
6 1 0.00001 -88 81 0.01 0.01 0.01
6 1 0.00001 -87 86 0.01 0.1 0.001
6 1 0.00001 -83 87 0.01 0.0001 0.01
6 1 0.00001 -75 79 0.01 0.01 0.01
6 1 0.00001 -99 87 0.01 0.01 0.01
6 1 0.00001 -94 71 0.01 0.0001 0.01
6 1 0.00001 -81 72 0.01 0.0001 0.01
6 1 0.00001 -86 73 0.01 0.1 0.001
6 1 0.00001 -72 73 0.01 0.01 0.001
6 1 0.00001 -73 87 0.01 0.0001 0.01
6 1 0.00001 -80 90 0.01 0.01 0.001
6 1 0.00001 -71 71 0.01 0.1 0.01
6 1 0.00001 -71 86 0.01 0.0001 0.001
6 1 0.00001 -89 93 0.01 0.01 0.001
6 1 0.00001 -97 98 0.01 0.0001 0.001
6 1 0.00001 -71 97 0.01 0.1 0.001
6 1 0.00001 -92 88 0.01 0.01 0.01
6 1 0.00001 -73 74 0.01 0.001 0.001
6 1 0.00001 -94 88 0.01 0.01 0.001
6 1 0.00001 -93 83 0.01 0.1 0.01
6 1 0.00001 -93 88 0.01 0.01 0.01
6 1 0.00001 -93 89 0.01 0.01 0.001
6 1 0.00001 -86 84 0.01 0.0001 0.001
6 1 0.00001 -86 86 0.01 0.1 0.001
6 1 0.00001 -92 87 0.01 0.0001 0.001
6 1 0.00001 -94 92 0.01 0.1 0.001
6 1 0.00001 -81 99 0.01 0.0001 0.01
6 1 0.00001 -74 87 0.01 0.0001 0.001
6 1 0.00001 -90 93 0.01 0.01 0.001
6 1 0.00001 -90 76 0.01 0.1 0.01
6 1 0.00001 -92 85 0.01 0.1 0.01
6 1 0.00001 -81 94 0.01 0.01 0.001
6 1 0.00001 -97 98 0.01 0.001 0.001
6 1 0.00001 -79 71 0.01 0.001 0.001
6 1 0.00001 -74 83 0.01 0.001 0.01
6 1 0.00001 -92 70 0.01 0.1 0.01
6 1 0.00001 -79 84 0.01 0.1 0.01
6 1 0.00001 -81 71 0.01 0.0001 0.01
6 1 0.00001 -78 88 0.01 0.1 0.001
6 1 0.00001 -84 85 0.01 0.1 0.01
6 1 0.00001 -71 83 0.01 0.01 0.001
6 1 0.00001 -100 73 0.01 0.1 0.01
6 1 0.00001 -85 82 0.01 0.01 0.01
6 1 0.00001 -97 88 0.01 0.001 0.01
6 1 0.00001 -90 88 0.01 0.1 0.01
6 1 0.00001 -70 78 0.01 0.0001 0.001
6 1 0.00001 -76 81 0.01 0.001 0.01
6 1 0.00001 -88 87 0.01 0.01 0.01
6 1 0.00001 -91 79 0.01 0.01 0.001
6 1 0.00001 -74 97 0.01 0.1 0.01
6 1 0.00001 -91 93 0.01 0.1 0.001
6 1 0.00001 -94 77 0.01 0.01 0.01
6 1 0.00001 -73 72 0.01 0.001 0.01
6 1 0.00001 -96 70 0.01 0.001 0.001
6 1 0.00001 -71 90 0.01 0.1 0.001
6 1 0.00001 -100 80 0.01 0.001 0.001
6 1 0.00001 -74 74 0.01 0.0001 0.001
6 1 0.00001 -97 83 0.01 0.0001 0.01
6 1 0.00001 -71 70 0.01 0.01 0.01
6 1 0.00001 -81 77 0.01 0.01 0.01
6 1 0.00001 -76 89 0.01 0.001 0.01
6 1 0.00001 -83 88 0.01 0.1 0.01
6 1 0.00001 -79 78 0.01 0.001 0.001
6 1 0.00001 -96 76 0.01 0.0001 0.01
6 1 0.00001 -90 90 0.01 0.1 0.01
6 1 0.00001 -98 91 0.01 0.001 0.001
6 1 0.00001 -99 95 0.01 0.01 0.001
6 1 0.00001 -88 90 0.01 0.0001 0.001
6 1 0.00001 -71 79 0.01 0.0001 0.01
6 1 0.00001 -96 81 0.01 0.01 0.01
6 1 0.00001 -72 87 0.01 0.0001 0.001
6 1 0.00001 -96 100 0.01 0.001 0.001
6 1 0.00001 -96 70 0.01 0.001 0.001
6 1 0.00001 -100 94 0.01 0.1 0.001
6 1 0.00001 -87 95 0.01 0.1 0.001
6 1 0.00001 -79 80 0.01 0.1 0.001
6 1 0.00001 -100 84 0.01 0.01 0.01
6 1 0.00001 -84 83 0.01 0.1 0.001
6 1 0.00001 -70 88 0.01 0.001 0.001
6 1 0.00001 -81 94 0.01 0.1 0.001
6 1 0.00001 -77 84 0.01 0.01 0.01
6 1 0.00001 -92 71 0.01 0.1 0.001
6 1 0.00001 -86 98 0.01 0.0001 0.01
6 1 0.00001 -73 98 0.01 0.1 0.001
6 1 0.00001 -73 71 0.01 0.1 0.001
6 1 0.00001 -97 83 0.01 0.001 0.001
6 1 0.00001 -80 80 0.01 0.0001 0.001
6 1 0.00001 -70 97 0.01 0.1 0.001
6 1 0.00001 -86 91 0.01 0.001 0.01
6 1 0.00001 -80 96 0.01 0.1 0.01
6 1 0.00001 -85 89 0.01 0.0001 0.001
6 1 0.00001 -90 86 0.01 0.0001 0.01
6 1 0.00001 -88 91 0.01 0.01 0.001
6 1 0.00001 -88 78 0.01 0.001 0.01
6 1 0.00001 -78 80 0.01 0.001 0.01
6 1 0.00001 -98 72 0.01 0.01 0.001
6 1 0.00001 -72 85 0.01 0.01 0.01
6 1 0.00001 -71 90 0.01 0.0001 0.01
6 1 0.00001 -91 95 0.01 0.0001 0.001
6 1 0.00001 -77 72 0.01 0.0001 0.001
6 1 0.00001 -100 96 0.01 0.0001 0.01
6 1 0.00001 -70 75 0.01 0.001 0.001
6 1 0.00001 -92 87 0.01 0.0001 0.001
6 1 0.00001 -87 95 0.01 0.1 0.01
6 1 0.00001 -100 86 0.01 0.001 0.001
6 1 0.00001 -99 98 0.01 0.1 0.001
6 1 0.00001 -75 95 0.01 0.01 0.01
6 1 0.00001 -76 71 0.01 0.1 0.01
6 1 0.00001 -87 76 0.01 0.01 0.01
6 1 0.00001 -74 91 0.01 0.01 0.001
6 1 0.00001 -71 85 0.01 0.0001 0.001
6 1 0.00001 -89 93 0.01 0.1 0.01
6 1 0.00001 -98 88 0.01 0.01 0.001
6 1 0.00001 -88 92 0.01 0.01 0.001
6 1 0.00001 -91 99 0.01 0.1 0.001
6 1 0.00001 -82 84 0.01 0.01 0.01
6 1 0.00001 -92 83 0.01 0.001 0.01
6 1 0.00001 -93 78 0.01 0.1 0.001
6 1 0.00001 -83 81 0.01 0.01 0.01
6 1 0.00001 -80 75 0.01 0.0001 0.01
6 1 0.00001 -84 70 0.01 0.001 0.001
6 1 0.00001 -92 81 0.01 0.0001 0.01
6 1 0.00001 -83 83 0.01 0.1 0.01
6 1 0.00001 -78 72 0.01 0.1 0.01
6 1 0.00001 -84 80 0.01 0.1 0.01
6 1 0.00001 -73 81 0.01 0.1 0.01
6 1 0.00001 -70 75 0.01 0.1 0.001
6 1 0.00001 -86 94 0.01 0.001 0.001
6 1 0.00001 -79 97 0.01 0.0001 0.001
6 1 0.00001 -93 93 0.01 0.1 0.01
6 1 0.00001 -92 83 0.01 0.0001 0.001
6 1 0.00001 -82 98 0.01 0.0001 0.01
6 1 0.00001 -92 70 0.01 0.001 0.01
6 1 0.00001 -85 99 0.01 0.0001 0.01
6 1 0.00001 -87 98 0.01 0.01 0.01
6 1 0.00001 -72 74 0.01 0.001 0.001
6 1 0.00001 -70 79 0.01 0.0001 0.001
6 1 0.00001 -83 99 0.01 0.0001 0.001
6 1 0.00001 -80 77 0.01 0.001 0.01
6 1 0.00001 -75 86 0.01 0.01 0.01
6 1 0.00001 -75 71 0.01 0.1 0.01
6 1 0.00001 -91 98 0.01 0.1 0.01
6 1 0.00001 -77 82 0.01 0.001 0.01
6 1 0.00001 -86 92 0.01 0.01 0.001
6 1 0.00001 -95 89 0.01 0.1 0.01
6 1 0.00001 -89 74 0.01 0.001 0.001
6 1 0.00001 -81 99 0.01 0.0001 0.001
6 1 0.00001 -81 86 0.01 0.0001 0.001
6 1 0.00001 -78 74 0.01 0.01 0.001
6 1 0.00001 -81 82 0.01 0.01 0.001
6 1 0.00001 -76 74 0.01 0.001 0.01
6 1 0.00001 -72 92 0.01 0.0001 0.001
6 1 0.00001 -93 79 0.01 0.01 0.01
6 1 0.00001 -97 94 0.01 0.1 0.01
6 1 0.00001 -96 98 0.01 0.1 0.01
6 1 0.00001 -95 84 0.01 0.01 0.01
6 1 0.00001 -96 92 0.01 0.0001 0.001
6 1 0.00001 -100 77 0.01 0.0001 0.01
6 1 0.00001 -74 82 0.01 0.0001 0.001
6 1 0.00001 -97 88 0.01 0.01 0.001
6 1 0.00001 -71 76 0.01 0.1 0.001
6 1 0.00001 -71 71 0.01 0.1 0.01
6 1 0.00001 -81 84 0.01 0.1 0.001
6 1 0.00001 -86 89 0.01 0.001 0.001
6 1 0.00001 -74 97 0.01 0.01 0.001
6 1 0.00001 -71 96 0.01 0.1 0.01
6 1 0.00001 -71 90 0.01 0.001 0.001
6 1 0.00001 -91 73 0.01 0.1 0.01
6 1 0.00001 -92 95 0.01 0.1 0.001
6 1 0.00001 -80 99 0.01 0.0001 0.001
6 1 0.00001 -88 96 0.01 0.1 0.001
6 1 0.00001 -100 77 0.01 0.1 0.001
6 1 0.00001 -98 99 0.01 0.0001 0.001
6 1 0.00001 -73 87 0.01 0.1 0.01
6 1 0.00001 -92 84 0.01 0.1 0.01
6 1 0.00001 -76 96 0.01 0.1 0.01
6 1 0.00001 -99 80 0.01 0.01 0.001
6 1 0.00001 -71 72 0.01 0.01 0.001
6 1 0.00001 -76 90 0.01 0.0001 0.001
6 1 0.00001 -96 99 0.01 0.001 0.001
6 1 0.00001 -94 100 0.01 0.001 0.01
6 1 0.00001 -76 94 0.01 0.001 0.01
6 1 0.00001 -78 90 0.01 0.001 0.01
6 1 0.00001 -73 74 0.01 0.01 0.01
6 1 0.00001 -81 77 0.01 0.01 0.001
6 1 0.00001 -85 92 0.01 0.1 0.01
6 1 0.00001 -100 79 0.01 0.01 0.001
6 1 0.00001 -85 96 0.01 0.1 0.01
6 1 0.00001 -88 85 0.01 0.001 0.01
6 1 0.00001 -87 96 0.01 0.0001 0.001
6 1 0.00001 -92 70 0.01 0.01 0.001
6 1 0.00001 -87 70 0.01 0.01 0.01
6 1 0.00001 -85 80 0.01 0.01 0.001
6 1 0.00001 -95 96 0.01 0.1 0.01
6 1 0.00001 -94 74 0.01 0.001 0.01
6 1 0.00001 -86 76 0.01 0.001 0.01
6 1 0.00001 -87 94 0.01 0.1 0.001
6 1 0.00001 -96 74 0.01 0.0001 0.01
6 1 0.00001 -89 94 0.01 0.1 0.001
6 1 0.00001 -86 93 0.01 0.001 0.01
6 1 0.00001 -96 73 0.01 0.1 0.001
6 1 0.00001 -83 74 0.01 0.1 0.01
6 1 0.00001 -88 73 0.01 0.001 0.001
6 1 0.00001 -89 82 0.01 0.0001 0.01
6 1 0.00001 -99 82 0.01 0.0001 0.01
6 1 0.00001 -84 95 0.01 0.0001 0.01
6 1 0.00001 -72 87 0.01 0.0001 0.001
6 1 0.00001 -73 78 0.01 0.1 0.001
6 1 0.00001 -93 77 0.01 0.01 0.001
6 1 0.00001 -95 88 0.01 0.0001 0.001
6 1 0.00001 -90 95 0.01 0.01 0.01
6 1 0.00001 -81 98 0.01 0.01 0.001
6 1 0.00001 -88 80 0.01 0.01 0.001
6 1 0.00001 -82 77 0.01 0.0001 0.01
6 1 0.00001 -80 90 0.01 0.1 0.001
6 1 0.00001 -72 82 0.01 0.001 0.01
6 1 0.00001 -100 96 0.01 0.0001 0.01
6 1 0.00001 -85 100 0.01 0.0001 0.001
6 1 0.00001 -79 98 0.01 0.0001 0.001
6 1 0.00001 -80 83 0.01 0.01 0.01
6 1 0.00001 -73 86 0.01 0.1 0.01
6 1 0.00001 -89 94 0.01 0.01 0.001
6 1 0.00001 -70 100 0.01 0.0001 0.001
