6 1 0.00001 0 100 0.1 0.0001 0.01
6 1 0.00001 -1 99 0.1 0.0001 0.01
6 1 0.00001 -2 98 0.1 0.0001 0.01
6 1 0.00001 -3 97 0.1 0.0001 0.01
6 1 0.00001 -4 96 0.1 0.0001 0.01
6 1 0.00001 -5 95 0.1 0.0001 0.01
6 1 0.00001 -6 94 0.1 0.0001 0.01
6 1 0.00001 -7 93 0.1 0.0001 0.01
6 1 0.00001 -8 92 0.1 0.0001 0.01
6 1 0.00001 -9 91 0.1 0.0001 0.01
6 1 0.00001 -10 89 0.1 0.0001 0.01
6 1 0.00001 -11 89 0.1 0.0001 0.01
6 1 0.00001 -12 88 0.1 0.0001 0.01
6 1 0.00001 -13 87 0.1 0.0001 0.01
6 1 0.00001 -14 86 0.1 0.0001 0.01
6 1 0.00001 -15 85 0.1 0.0001 0.01
6 1 0.00001 -16 84 0.1 0.0001 0.01
6 1 0.00001 -17 83 0.1 0.0001 0.01
6 1 0.00001 -18 82 0.1 0.0001 0.01
6 1 0.00001 -19 81 0.1 0.0001 0.01
6 1 0.00001 -20 80 0.1 0.0001 0.01
6 1 0.00001 -21 79 0.1 0.0001 0.01
6 1 0.00001 -22 78 0.1 0.0001 0.01
6 1 0.00001 -23 77 0.1 0.0001 0.01
6 1 0.00001 -24 76 0.1 0.0001 0.01
6 1 0.00001 -25 75 0.1 0.0001 0.01
6 1 0.00001 -26 74 0.1 0.0001 0.01
6 1 0.00001 -27 73 0.1 0.0001 0.01
6 1 0.00001 -28 72 0.1 0.0001 0.01
6 1 0.00001 -29 71 0.1 0.0001 0.01
6 1 0.00001 -30 70 0.1 0.0001 0.01
6 1 0.00001 -31 69 0.1 0.0001 0.01
6 1 0.00001 -32 68 0.1 0.0001 0.01
6 1 0.00001 -33 67 0.1 0.0001 0.01
6 1 0.00001 -34 66 0.1 0.0001 0.01
6 1 0.00001 -35 65 0.1 0.0001 0.01
6 1 0.00001 -36 64 0.1 0.0001 0.01
6 1 0.00001 -37 63 0.1 0.0001 0.01
6 1 0.00001 -38 62 0.1 0.0001 0.01
6 1 0.00001 -39 61 0.1 0.0001 0.01
6 1 0.00001 -40 60 0.1 0.0001 0.01
6 1 0.00001 -41 59 0.1 0.0001 0.01
6 1 0.00001 -42 58 0.1 0.0001 0.01
6 1 0.00001 -43 57 0.1 0.0001 0.01
6 1 0.00001 -44 56 0.1 0.0001 0.01
6 1 0.00001 -45 55 0.1 0.0001 0.01
6 1 0.00001 -46 54 0.1 0.0001 0.01
6 1 0.00001 -47 53 0.1 0.0001 0.01
6 1 0.00001 -48 52 0.1 0.0001 0.01
6 1 0.00001 -49 51 0.1 0.0001 0.01
6 1 0.00001 -50 50 0.1 0.0001 0.01
6 1 0.00001 -51 49 0.1 0.0001 0.01
6 1 0.00001 -52 48 0.1 0.0001 0.01
6 1 0.00001 -53 47 0.1 0.0001 0.01
6 1 0.00001 -54 46 0.1 0.0001 0.01
6 1 0.00001 -55 45 0.1 0.0001 0.01
6 1 0.00001 -56 44 0.1 0.0001 0.01
6 1 0.00001 -57 43 0.1 0.0001 0.01
6 1 0.00001 -58 42 0.1 0.0001 0.01
6 1 0.00001 -59 41 0.1 0.0001 0.01
6 1 0.00001 -60 40 0.1 0.0001 0.01
6 1 0.00001 -61 39 0.1 0.0001 0.01
6 1 0.00001 -62 38 0.1 0.0001 0.01
6 1 0.00001 -63 37 0.1 0.0001 0.01
6 1 0.00001 -64 36 0.1 0.0001 0.01
6 1 0.00001 -65 35 0.1 0.0001 0.01
6 1 0.00001 -66 34 0.1 0.0001 0.01
6 1 0.00001 -67 33 0.1 0.0001 0.01
6 1 0.00001 -68 32 0.1 0.0001 0.01
6 1 0.00001 -69 31 0.1 0.0001 0.01
6 1 0.00001 -70 30 0.1 0.0001 0.01
6 1 0.00001 -71 29 0.1 0.0001 0.01
6 1 0.00001 -72 28 0.1 0.0001 0.01
6 1 0.00001 -73 27 0.1 0.0001 0.01
6 1 0.00001 -74 26 0.1 0.0001 0.01
6 1 0.00001 -75 25 0.1 0.0001 0.01
6 1 0.00001 -76 24 0.1 0.0001 0.01
6 1 0.00001 -77 23 0.1 0.0001 0.01
6 1 0.00001 -78 22 0.1 0.0001 0.01
6 1 0.00001 -79 21 0.1 0.0001 0.01
6 1 0.00001 -80 20 0.1 0.0001 0.01
6 1 0.00001 -81 19 0.1 0.0001 0.01
6 1 0.00001 -82 18 0.1 0.0001 0.01
6 1 0.00001 -83 17 0.1 0.0001 0.01
6 1 0.00001 -84 16 0.1 0.0001 0.01
6 1 0.00001 -85 15 0.1 0.0001 0.01
6 1 0.00001 -86 14 0.1 0.0001 0.01
6 1 0.00001 -87 13 0.1 0.0001 0.01
6 1 0.00001 -88 12 0.1 0.0001 0.01
6 1 0.00001 -89 11 0.1 0.0001 0.01
6 1 0.00001 -90 10 0.1 0.0001 0.01
6 1 0.00001 -91 9 0.1 0.0001 0.01
6 1 0.00001 -92 8 0.1 0.0001 0.01
6 1 0.00001 -93 7 0.1 0.0001 0.01
6 1 0.00001 -94 6 0.1 0.0001 0.01
6 1 0.00001 -95 5 0.1 0.0001 0.01
6 1 0.00001 -96 4 0.1 0.0001 0.01
6 1 0.00001 -97 3 0.1 0.0001 0.01
6 1 0.00001 -98 2 0.1 0.0001 0.01
6 1 0.00001 -99 1 0.1 0.0001 0.01
6 1 0.00001 -100 0 0.1 0.0001 0.01
